[gd_scene load_steps=6 format=3 uid="uid://hx11pvk41ggm"]

[ext_resource type="PackedScene" uid="uid://bvldvjouragl3" path="res://Scenes/Board.tscn" id="1_77tmc"]
[ext_resource type="Script" uid="uid://cpxxyxbhbldbi" path="res://Scripts/PlanningScene.gd" id="1_nfhcs"]
[ext_resource type="Script" uid="uid://dgu8s1mbeeocu" path="res://Scripts/Input/CameraMovement.gd" id="3_ddvbv"]
[ext_resource type="Script" uid="uid://bnushuvk3btte" path="res://Scripts/Input/InputListener.gd" id="4_1ik5p"]
[ext_resource type="PackedScene" uid="uid://ccxbpogh4na0x" path="res://Scenes/UI/PlannerUI.tscn" id="6_3i8v2"]

[node name="MainScene" type="Node"]
script = ExtResource("1_nfhcs")

[node name="Board" parent="." instance=ExtResource("1_77tmc")]

[node name="DirectionalLight3D" type="DirectionalLight3D" parent="."]
transform = Transform3D(-0.252229, 0.399888, 0.881175, 0.860952, -0.322966, 0.393007, 0.441749, 0.857778, -0.262823, 12.6012, 24.5154, 42.988)

[node name="InputListener" type="Node3D" parent="."]
script = ExtResource("4_1ik5p")

[node name="CameraControl" type="Node3D" parent="."]
transform = Transform3D(0.999986, 0.00523596, 0, -0.00513625, 0.980942, 0.194234, 0.001017, -0.194232, 0.980955, 0, 0, 0)
script = ExtResource("3_ddvbv")

[node name="Camera3D" type="Camera3D" parent="CameraControl"]
transform = Transform3D(0.999987, -0.0028548, -0.0042289, 0.00466035, 0.848451, 0.529253, 0.00207709, -0.529266, 0.848454, 9.38428, 35.9734, 22.8059)
projection = 1
current = true
fov = 88.9447
size = 65.0

[node name="CanvasLayer" type="CanvasLayer" parent="."]
scale = Vector2(0.37, 0.37)
transform = Transform2D(0.37, 0, 0, 0.37, 0, 0)
follow_viewport_enabled = true

[node name="PlannerUI" parent="CanvasLayer" instance=ExtResource("6_3i8v2")]
mouse_filter = 1

[connection signal="rotate_left" from="InputListener" to="Board" method="on_context_updated"]
[connection signal="rotate_right" from="InputListener" to="Board" method="on_context_updated"]
